 57
159
 71
 44
190
115
178
234
 27
 99
233
198
 40
  3
252
106
 23
223
163
176
123
  1
159
145
 85
 23
196
113
167
147
123
145
115
 50
 49
233
101
117
 13
187
 83
 65
150
155
 88
177
247
236
176
118
107
128
174
149
137
 97
125
251
 96
 78
228
 39
 29
225
208
 76
  3
 42
 54
224
 81
230
213
 81
193
 81
104
 57
242
145
188
 19
 53
 32
184
 38
115
180
186
 88
  9
151
 47
215
241
224
253
169
 98
129
189
226
157
 87
 67
181
 83
128
  1
220
102
109
147
 16
104
145
159
 64
219
 76
255
253
 62
 89
142
233
146
197
219
107
176
124
  1
167
 59
 99
248
226
113
 41
 38
202
101
231
  4
233
  8
 60
158
124
 69
205
208
 96
122
 27
 38
118
 33
203
 96
100
179
 37
106
141
194
120
 11
155
227
187
193
232
215
242
 11
 85
160
143
 74
169
 98
 17
 53
132
194
193
146
 18
176
 93
 40
 73
158
172
 72
 77
150
 87
203
165
 67
166
193
 47
142
190
212
139
172
 62
242
162
243
  0
 79
194
 47
182
 11
 85
 18
 47
131
 78
224
 79
 32
132
117
 24
145
105
 16
165
224
136
233
232
  1
221
157
192
215
 85
 40
 37
 45
233
191
227
198
223
 70
105
105
191
 65
112
158
 78
131
 88
 60
195
198
 77
 59
 66
239
211
164
175
202
138
234
175
 99
 23
210
219
 15
 88
169
 71
249
124
115
196
 69
224
 37
 10
238
110
210
  7
104
109
 71
202
 60
156
127
201
197
 17
  6
146
150
226
254
 29
241
236
114
231
243
127
 63
 82
255
 57
113
224
 25
143
 67
 14
 17
202
228
194
 57
143
145
243
 35
150
 96
237
 68
 93
151
134
 78
 86
144
 88
175
215
178
 60
 83
169
 26
199
187
182
216
 45
 31
 88
 26
 22
200
130
223
250
 86
 64
 99
218
156
155
175
233
 48
233
241
235
119
 36
 68
124
229
245
  8
 20
133
226
 43
192
145
 59
222
157
151
 34
121
 41
213
179
  0
162
243
 46
191
132
201
108
 66
 28
 53
 13
156
 86
114
214
230
162
 18
223
 82
 82
225
 27
239
 49
 24
123
166
252
111
104
 93
109
192
238
185
239
175
104
 40
 27
146
129
 10
101
210
 43
118
 87
222
247
  9
165
 59
227
176
185
184
 73
157
 88
 63
 40
 25
196
228
 42
182
 19
 55
186
184
157
 46
 47
215
107
 61
 50
191
185
 48
116
242
221
133
131
139
108
 87
 14
 99
  9
  7
244
 93
150
158
165
154
158
 49
 65
128
 78
 56
189
 23
112
116
 17
 45
118
 25
141
 60
 77
136
174
180
 79
164
138
 72
 30
 77
181
188
 17
183
148
  7
236
 39
 18
128
 84
222
239
209
203
138
246
248
 40
 14
177
128
 57
173
208
 24
227
104
152
188
221
104
 45
 66
 85
209
 60
135
181
 95
 71
135
197
 53
247
230
210
 11
 51
 64
178
 33
151
187
127
138
 16
 33
241
251
 86
 34
232
191
 27
223
202
179
163
238
 83
204
227
 40
 24
  5
163
154
 58
 38
247
109
 73
 67
 49
228
109
131
203
157
 69
 91
187
 68
201
244
119
  6
 43
236
 55
193
116
246
181
179
 82
231
 40
195
 64
 69
128
194
  4
150
 37
163
135
 69
117
 64
 74
 33
253
154
192
 55
 99
 91
 89
 96
189
220
 56
 58
251
116
 64
179
 97
158
 33
 42
210
 83
 78
247
 54
138
217
101
183
139
254
143
 52
216
 67
 17
235
105
193
105
118
234
 31
169
 92
  9
132
 29
  2
251
225
136
221
248
223
 47
100
 66
 92
  6
118
214
 52
109
 63
106
 51
 10
107
171
 29
176
247
  6
 82
111
 79
148
106
246
124
184
196
 63
 88
244
 23
115
231
 63
 86
178
138
209
243
 72
 41
157
 59
 94
200
244
 31
224
192
 68
131
171
251
 59
 18
232
248
149
 11
  6
 57
157
210
  8
180
108
226
213
111
 21
157
213
224
162
205
 53
 20
 72
188
 10
 15
 86
159
 53
248
161
180
250
206
153
113
120
142
 30
229
244
 41
 95
205
158
 21
246
250
 11
244
 92
244
 25
234
195
 64
114
132
 57
240
163
 15
 15
245
 37
  0
 47
 71
226
140
196
175
220
  2
125
152
 85
 87
 48
227
 51
205
150
130
137
 74
231
 53
172
 52
122
177
 36
 50
131
156
249
204
 94
 53
 43
 96
205
186
 22
125
106
103
 64
114
 40
198
195
175
145
  4
250
175
 53
124
 51
246
 78
 24
117
149
 57
 91
188
128
177
 69
222
155
180
246
123
 70
 90
204
111
123
177
190
172
 76
 34
  5
 74
 26
  4
112
255
119
195
191
 58
 78
136
147
217
103
132
  6
147
 75
 59
102
120
 49
108
 11
 10
166
 98
114
 97
208
207
101
251
114
209
 17
157
 23
154
196
 35
 82
197
241
 90
 15
 11
161
223
100
207
 85
171
238
 75
  1
  0
 22
 80
181
 28
112
 55
239
195
255
119
 81
147
 14
 39
125
 79
177
 95
 32
  4
138
 38
 51
201
247
215
 29
120
 65
 31
194
218
222
148
192
164
 16
 95
141
173
 67
 51
 50
 29
 95
 47
 10
 35
 35
188
241
177
114
228
199
 49
189
236
124
 18
218
 90
 52
 54
 10
101
 71
 81
240
251
203
 25
252
185
112
 26
 10
 49
 52
197
174
175
187
195
247
171
124
 76
225
 12
164
 17
 15
203
248
132
254
138
232
151
 80
 24
 96
 23
 54
212
122
120
 13
 53
202
231
 75
147
123
 69
 51
112
169
254
 55
138
164
 86
198
140
 25
114
 61
183
167
 73
 82
 61
 75
 13
237
 50
181
245
207
120
169
 42
 19
 83
164
210
140
 38
190
 74
197
245
 59
182
176
255
 95
175
140
239
215
108
126
 75
133
236
  2
124
 23
208
 84
 18
 38
220
 78
 72
 28
153
147
234
129
173
 15
163
170
118
 79
191
180
197
200
251
 84
248
234
242
237
 93
220
 64
173
189
190
 49
105
 32
 81
 68
101
239
167
 80
255
  7
196
154
125
170
 10
142
204
107
133
161
179
103
 49
144
104
102
 82
128
225
 55
251
216
242
 73
100
 56
 76
124
 41
150
 31
137
184
246
 52
250
158
110
 76
179
 10
203
240
108
237
 27
237
 75
 14
 81
 29
241
219
 27
116
 97
 15
 18
 94
 78
104
 50
180
147
 21
104
 71
 27
124
221
 63
 89
 72
 15
111
100
250
213
106
 15
 95
 70
202
219
237
137
 31
185
 43
 88
 87
234
  7
 43
 65
123
208
 42
231
  4
213
209
175
 75
190
153
243
 28
130
253
 23
237
159
234
 86
103
236
227
 61
123
104
254
144
151
 69
104
 86
 20
128
221
  5
112
 81
 10
142
194
 43
185
163
 48
113
 30
247
 39
 39
 11
 50
215
116
246
 85
149
 97
154
109
251
214
151
127
227
254
224
150
 77
 60
128
200
 40
107
 80
 95
126
 70
205
197
 79
 14
193
206
219
167
250
 12
 90
 91
126
 86
 94
 55
 22
 63
148
 70
 97
245
146
161
183
125
219
  7
 21
255
223
239
237
254
215
248
218
128
 38
227
108
246
205
240
233
183
234
 68
233
  1
184
196
 45
 18
198
192
118
179
  2
  3
186
137
162
131
 63
220
152
156
105
169
 17
242
206
142
136
214
 33
 56
171
111
155
159
127
132
  5
210
 75
 92
245
149
 27
 78
135
232
 36
231
221
 31
255
205
226
 48
150
149
162
105
187
105
144
158
210
 51
140
106
143
183
155
 80
163
 12
183
218
 36
160
167
122
247
184
250
 64
 37
 59
 49
250
 53
177
111
246
240
107
 78
227
124
230
 68
 69
148
211
142
246
195
114
 86
113
 39
213
219
154
226
245
240
190
221
253
153
105
 95
109
194
 60
 30
230
187
118
 25
167
103
104
 57
133
243
 23
140
  9
 59
132
245
255
248
105
198
117
174
226
158
172
 35
215
192
 50
217
 61
178
 66
252
 27
 82
 48
 15
135
 25
236
161
200
191
128
 14
203
186
181
124
113
137
101
227
127
219
185
234
141
 79
 97
115
 69
246
217
221
 60
229
 97
210
 50
 77
 89
147
225
130
147
112
128
 76
210
 56
110
159
 61
129
253
146
128
188
 21
173
250
214
 90
149
173
157
165
122
157
197
 95
139
139
235
 33
 35
104
184
138
 94
216
145
147
 71
 79
239
  5
246
 74
 74
181
 86
132
 83
180
 24
249
199
249
189
 71
 41
 57
 49
 50
 23
250
 61
 30
167
  5
 66
231
 81
 39
102
144
188
180
  9
130
 28
252
130
190
203
131
216
180
222
  6
172
 17
239
 83
 33
120
243
 81
205
205
176
 78
104
129
252
251
  7
217
 25
121
 68
 74
 62
201
183
216
 84
174
235
  1
165
188
243
199
119
 10
  9
 75
221
 46
110
166
206
  1
  9
215
 32
212
181
 65
154
 58
127
 91
 72
 90
  6
 90
163
 47
240
 86
190
151
 92
 54
222
109
161
184
108
 11
 29
132
160
 94
236
181
230
152
205
 43
 55
113
 84
250
166
253
122
172
161
 19
121
166
218
  2
 65
 22
  1
 62
  4
216
 57
243
229
253
  5
 98
 50
 19
212
160
236
181
 58
 30
164
 45
 30
 23
237
 50
 83
193
 77
 63
 10
 56
134
 94
173
244
  8
108
144
145
173
 75
111
199
232
 17
 29
 59
166
184
239
170
152
109
251
 96
159
165
 81
119
248
189
 23
 96
191
172
177
144
113
218
190
108
134
195
201
165
  0
226
 21
 28
126
225
111
188
 46
131
235
108
186
  3
 41
199
 44
119
243
247
 86
207
227
202
160
238
187
 11
236
148
213
 76
172
212
231
217
  5
110
214
139
174
199
195
 79
 14
 67
 39
202
 90
 62
228
168
244
132
  8
141
169
112
 56
 79
219
 46
173
227
 29
181
 87
255
 96
 57
 35
227
133
186
194
133
218
 51
148
199
252
132
242
 60
196
 82
189
171
 38
251
226
204
170
164
189
 41
223
101
 33
234
 38
116
250
209
 67
 47
 30
245
209
 12
254
127
135
244
 86
168
 76
 39
 18
131
  7
119
 26
 37
244
203
 29
 79
 47
223
124
228
 55
191
154
 73
 49
254
 31
 10
 67
139
228
104
140
123
  0
202
 54
 54
177
 10
 52
  2
118
190
252
 71
210
 10
135
100
178
 54
 69
124
134
  9
126
 86
 79
142
114
236
 18
 24
239
 55
248
  0
181
 64
138
198
128
247
  4
 93
179
192
 58
126
229
104
232
139
 89
 22
 83
212
 70
  3
 82
 73
  6
 29
182
134
222
 72
 13
202
 76
216
 85
221
168
225
 77
133
101
241
176
233
 19
196
 96
  5
135
102
156
189
128
 50
 46
 82
254
251
115
191
255
 21
 91
 34
 47
171
 27
 77
 89
 19
 43
 74
199
 94
189
101
235
 85
188
121
210
 52
101
 22
190
161
 35
210
126
208
135
173
122
222
245
 82
 44
 44
252
 71
 31
 64
245
 98
167
210
 33
181
 74
 11
175
  2
 74
103
 47
178
136
 28
 31
 79
163
 73
 77
133
120
121
 92
 52
246
191
141
 53
 14
166
172
130
137
109
209
 65
 91
171
 26
213
 95
187
 10
255
 81
186
156
 52
107
224
 98
183
 92
170
115
230
112
233
 19
 97
140
221
143
 45
243
138
  7
  6
 28
150
 57
182
 40
 93
172
136
135
232
  8
111
234
164
 75
  6
133
156
205
132
220
 15
194
184
160
250
164
107
  5
221
242
218
142
139
107
214
 78
100
145
 93
180
210
163
201
 89
233
117
182
  9
 35
187
 97
229
237
167
101
 97
183
238
 45
213
163
 12
247
145
 30
 45
165
209
158
 66
 56
254
130
116
177
233
129
250
211
209
 82
205
121
146
 51
 66
160
212
 34
193
102
 47
231
221
 35
 69
235
192
211
 69
175
 97
 83
206
184
161
216
109
 31
143
 72
180
122
175
 61
184
159
  4
104
 62
136
219
 27
178
219
 16
216
202
 70
129
 79
109
109
212
175
169
185
 65
144
 82
 63
113
240
192
  9
192
187
 22
226
 53
 69
 81
254
 52
 93
236
207
210
 91
154
250
 73
186
204
198
131
176
 46
 29
174
191
102
251
238
142
166
203
212
 57
127
159
225
207
 76
 48
 14
188
 45
201
120
 19
 34
247
210
138
255
158
214
137
184
252
111
166
 29
 21
194
182
154
 46
 15
234
128
  2
178
171
249
 20
 38
 57
109
120
110
 90
137
 12
181
182
218
 53
 54
175
 33
217
 87
109
108
250
 79
 80
 53
244
149
175
113
254
171
151
155
223
235
 24
200
220
173
113
 81
122
101
180
220
112
173
136
127
247
101
  0
 45
116
 85
248
201
165
100
  2
 31
254
163
 48
125
 96
192
 50
150
 30
 79
 17
181
 12
210
 73
108
 36
 26
 32
180
 31
132
198
198
175
 45
 52
158
 90
 66
 26
178
161
188
 17
213
181
 37
132
 48
129
217
142
145
 84
127
 66
 92
231
133
 77
 59
247
 87
 32
 15
146
180
179
  8
 55
163
233
105
114
112
 24
136
 10
116
197
163
143
166
 21
 76
125
126
194
101
119
 33
147
 92
184
 23
252
218
102
131
114
152
191
 85
 67
 41
165
 20
178
 84
 64
228
241
226
 34
 96
 13
111
 76
248
143
 42
240
155
106
143
215
132
198
186
 92
 54
214
137
147
151
177
  2
 77
209
196
140
 86
 26
248
 90
 28
185
 78
231
183
238
 20
144
180
  9
135
 28
104
223
246
145
 90
 64
138
 38
 67
229
 50
169
132
205
226
 11
213
175
172
243
 61
 77
211
169
211
209
128
155
194
192
188
 19
251
115
230
 34
 24
222
116
243
140
  8
190
 91
176
142
 74
 91
 61
102
157
 63
 60
159
 18
184
219
112
 90
 34
211
205
 51
186
115
121
118
 84
 28
102
135
 25
142
132
 55
 91
 48
183
110
243
150
122
205
191
 21
116
  4
123
119
195
 51
159
233
 75
 52
209
246
 60
180
244
 77
222
 31
170
214
 59
156
 29
 73
 70
248
 25
252
146
 87
 77
213
176
156
150
 67
101
 21
113
134
228
142
144
 48
164
  4
252
182
  9
 49
 74
 54
 52
149
 71
200
189
132
 43
 76
 13
188
 41
  9
 51
198
200
 77
 73
 91
 33
 24
240
184
145
148
151
176
215
118
121
252
140
160
 20
 13
173
 93
 14
 99
138
156
147
104
 81
208
126
  3
 57
 49
197
 99
151
165
  0
 20
141
162
246
 35
 20
 60
110
177
171
 63
125
149
 14
 43
 33
 39
180
 72
223
227
 73
136
244
201
 52
 84
191
104
237
 91
  8
130
184
192
109
175
178
 93
107
 44
120
 82
 43
108
 60
139
145
 62
108
179
201
182
120
 63
128
133
182
157
 98
203
 85
156
213
 39
190
 83
135
 62
133
195
171
 60
 24
167
 65
 11
239
 22
193
 28
131
160
178
139
158
153
 45
163
 67
  1
171
 32
 20
  1
 50
190
 85
185
111
 50
191
 34
 75
204
201
115
 72
193
 40
 17
176
110
252
192
106
 63
144
245
187
 57
171
126
102
 11
 23
  1
 15
181
 13
218
 72
161
 44
210
142
 99
223
210
 98
144
215
 91
209
 52
168
153
171
 70
167
254
211
 87
242
 16
107
 89
 93
174
150
104
 44
149
 32
  7
 91
  3
 83
144
218
 12
 96
149
101
194
 64
198
 17
169
 44
 78
158
 87
 75
 76
187
 82
 54
 26
 29
130
202
154
180
190
 21
 60
170
 79
154
184
185
226
173
 99
160
 89
 36
173
216
199
114
238
 86
189
233
212
 87
 44
211
 24
216
226
162
 56
217
 86
 21
162
186
 20
 33
196
 38
 66
 82
149
 12
150
254
 91
254
136
253
110
241
 84
238
173
209
190
184
 16
117
137
139
203
199
218
165
 26
145
157
100
 67
 38
 65
215
190
245
103
149
 62
 80
254
227
 77
 92
 80
142
 32
116
 72
120
223
 28
108
152
 69
136
 87
223
 18
127
159
 59
 80
238
 98
213
130
 36
201
115
 73
167
  1
141
167
201
184
255
 36
107
137
190
204
107
 96
247
 94
216
  3
180
 99
 39
239
 65
 42
 86
 45
147
196
157
106
 19
 20
126
 12
 71
214
 32
 96
242
 43
214
101
175
226
107
115
235
230
 66
178
237
 45
 56
 16
 29
  1
  6
198
165
195
 33
109
146
128
 70
 37
207
159
139
203
215
 91
101
166
 55
253
 90
138
195
 64
110
 36
204
 65
 82
127
 10
 94
230
145
151
139
212
155
122
233
 94
 39
  1
253
 25
 91
 22
177
155
 86
101
147
249
168
 21
239
 54
190
  7
129
 73
 23
102
167
147
207
134
209
 22
 86
231
 24
 52
 78
  8
109
 55
 16
144
217
185
 47
208
150
199
112
114
 59
245
217
 22
135
 48
 47
170
126
196
122
 69
100
 23
 94
151
172
 52
 50
224
 33
158
 35
174
201
244
 26
 22
140
182
156
208
157
198
 15
149
213
 89
250
193
 77
 63
 11
 38
164
 36
136
160
165
114
 19
 43
 77
 95
220
198
194
 18
189
160
 43
205
230
 90
140
176
108
218
139
217
 84
 45
174
 86
157
185
126
221
164
123
139
 28
198
 10
  2
 23
103
 73
 23
  5
 24
  8
 89
220
103
147
156
120
127
107
 32
146
 17
100
214
231
123
211
 59
166
 85
223
 83
 88
146
 37
 84
221
170
149
 99
134
241
148
110
 57
  1
249
 73
182
 14
 45
202
209
131
 14
185
185
114
107
221
 63
123
110
197
 26
  2
196
171
214
225
142
  9
 31
130
 58
121
138
113
185
193
 25
148
128
197
 97
217
183
  2
122
107
178
253
 79
235
199
105
 90
218
139
 36
193
 43
134
 85
179
227
125
140
 29
 18
  3
 83
242
227
234
192
  0
156
154
201
  4
253
245
 66
107
120
183
143
229
212
113
122
  4
114
119
171
 75
  2
209
186
104
 13
104
144
 46
115
 13
 53
 34
 53
122
147
118
 42
 39
 56
 71
 30
113
 17
 50
204
212
159
166
 53
 18
134
150
103
 54
 81
171
155
212
103
 24
  7
181
172
 88
217
  6
 17
248
236
246
109
144
 37
 19
243
120
 90
225
150
124
 16
193
  0
 67
193
 78
134
149
226
 21
179
118
154
101
134
162
 37
118
161
206
133
211
252
142
138
 89
144
241
 48
149
173
137
202
210
201
  2
 31
120
133
178
 78
 93
252
106
171
168
 38
184
 29
106
117
218
 47
167
169
181
108
 97
 38
 20
 41
146
225
127
 20
 23
121
238
208
 77
162
 79
 92
 24
242
132
209
 35
174
236
 68
 71
233
 39
204
 48
218
 56
175
 75
 20
209
148
 47
254
 73
 29
193
244
235
 89
 33
236
170
147
149
 26
136
182
234
211
233
 27
193
168
170
167
 93
170
 87
 58
 18
235
  8
 84
 75
 55
253
237
 79
 43
 84
 64
132
 81
175
175
187
 45
250
 83
100
 85
145
167
 52
232
  9
132
 94
 67
217
  7
242
  9
225
 36
 59
123
197
 11
 75
 28
 86
245
123
163
166
 48
 19
243
154
219
112
183
 91
 99
161
 99
179
 26
157
151
244
234
125
 83
250
189
 36
 15
240
100
 42
112
151
248
190
113
190
176
 28
 87
 64
248
191
 89
212
 49
210
242
133
  7
172
 66
241
119
 30
160
138
104
147
170
255
227
196
 90
198
149
 56
  4
 33
 48
144
138
 15
106
 34
 60
 99
165
122
208
 32
195
105
181
125
  4
 91
190
167
185
 96
226
 63
 42
236
118
 88
142
241
230
 38
 72
 10
 61
139
 63
163
 84
  0
194
106
 16
142
154
 22
239
157
141
134
189
 78
 53
 92
117
130
197
101
233
228
191
 99
218
234
122
 76
119
 71
 95
229
 68
 14
127
 69
172
217
 15
254
242
110
255
128
 67
128
250
135
 54
244
 42
 70
179
193
 98
233
192
118
 55
 54
 25
227
 97
 99
204
 33
 21
 88
 27
 88
 80
193
 98
189
121
 90
 52
177
 33
 71
 96
190
 51
 49
213
244
162
  9
147
 15
189
 93
 67
 17
193
109
 52
 75
114
248
 35
 37
228
126
165
 32
  9
159
 11
169
191
 46
226
203
 74
254
  9
248
116
 97
219
 41
244
 39
144
229
139
 14
116
 73
145
158
104
233
155
 89
226
 73
207
 21
225
229
149
 34
113
197
 51
197
125
210
 81
 27
  3
222
 60
169
240
 90
143
 61
196
219
247
 31
214
 67
 73
152
238
244
 49
 58
171
195
132
 97
247
181
181
109
128
129
 92
  6
 94
 67
121
119
 50
243
 12
218
153
217
179
224
146
186
 31
 10
191
156
  5
175
127
216
124
 40
127
 80
 82
255
196
199
 12
  1
224
210
254
138
  4
108
128
178
119
 78
173
197
 81
 63
 38
140
193
174
191
162
 86
 65
 64
177
152
207
 28
 92
 65
 18
 78
 28
 92
165
 67
161
154
150
208
150
 28
110
225
 45
  4
225
 74
135
185
 19
228
182
189
184
140
 54
103
238
225
110
  0
114
 82
146
192
108
125
 75
 22
 78
114
113
170
 77
 75
 30
 81
109
217
164
152
188
 67
235
109
232
 89
 57
 95
172
242
222
 40
254
174
240
 39
216
109
241
 28
  7
 41
185
 73
114
206
224
 59
178
 80
 37
246
 77
 61
103
146
 65
202
224
141
 86
 27
 25
174
 56
201
254
 48
150
218
 84
 74
143
117
157
169
153
223
222
186
 37
243
139
129
231
133
185
 83
250
234
176
155
  5
 71
179
 26
255
128
 29
142
137
224
145
154
197
218
 57
109
 56
179
197
232
108
153
 41
135
253
  8
212
240
245
 63
106
 17
 93
189
237
100
245
225
251
218
 82
221
 34
210
 52
 81
 49
 46
142
177
 27
119
226
 98
 85
 44
 65
190
138
 89
 37
156
104
 50
 61
119
129
166
130
 80
174
104
152
 22
126
 17
 46
167
117
 82
110
243
229
249
160
 92
229
242
234
125
136
 90
 38
104
223
  9
221
155
218
143
 46
 86
223
 10
104
 43
178
169
 44
 81
145
 62
208
201
249
182
 41
 15
 72
234
204
184
245
 99
 55
222
217
109
250
122
145
128
211
 86
177
100
224
149
145
 31
 23
107
220
 86
 35
 73
  8
 56
 24
 17
163
106
170
129
246
131
222
 90
161
176
159
211
143
 60
204
154
240
138
188
250
165
 20
244
176
 29
134
  3
 67
197
 62
106
113
 48
  3
146
 83
 76
115
210
 20
 44
198
