 57
159
 71
 44
190
115
178
234
 27
 99
233
177
 73
  8
175
 62
106
153
197
214
 60
 47
130
153
 90
 27
243
 92
228
146
103
147
113
127
106
195
 71
 22
 98
184
 40
 69
133
159
 14
222
212
240
230
 62
118
212
227
209
143
114
103
255
111
 76
175
 31
 95
225
194
 77
 10
 33
 54
224
 80
226
138
 48
180
 56
  7
 52
177
197
246
 23
 58
 28
205
  1
 85
155
151
 64
 89
195
 57
214
246
180
254
173
125
129
195
158
206
 87
 74
245
 22
217
 83
201
106
118
143
 85
112
145
216
 74
217
  9
241
225
 64
 89
154
244
212
131
233
 39
247
 82
112
225
 24
127
169
182
 41
 41
 38
136
108
179
 28
169
 91
122
152
 39
 42
139
210
 52
110
 94
 60
 14
  8
196
 32
 63
199
 44
 92
229
159
 38
 11
206
175
169
254
216
179
244
 18
 67
224
143
 78
162
 93
 55
 87
144
142
146
148
 22
189
 85
 40
 73
149
172
120
 12
211
102
138
237
 11
239
222
 74
245
195
220
143
224
  0
216
234
229
 73
 11
198
 43
167
 11
 81
 52
 64
172
 79
226
 52
 61
137
 45
 84
218
 35
 58
239
224
136
233
232
  1
221
157
192
215
 85
 40
 69
 66
171
174
233
202
217
 45
 14
  4
249
  5
 12
180
 38
250
 92
 99
205
205
 77
125
 83
243
160
156
238
148
213
246
179
 97
 15
143
219
 89
 21
252
 26
156
 87
 90
131
 25
184
 98
 39
171
110
200
 98
117
 22
 47
173
 65
243
 15
140
130
 33
 44
178
183
255
174
 80
187
254
 47
238
180
  7
119
 59
129
 53
127
224
112
166
123
 18
 26
197
218
231
 82
172
131
182
  9
209
 60
243
116
 40
225
247
 55
 34
231
112
208
228
135
 28
 67
254
117
185
248
162
219
 44
 94
 14
 91
 30
140
210
145
243
 86
 31
110
148
128
153
201
141
 99
165
160
179
 57
 43
104
127
191
169
 69
121
156
187
 29
251
163
 86
169
182
228
 85
 25
 29
217
163
121
207
243
 91
242
155
217
 47
 56
 98
 17
  3
159
  2
  9
159
170
245
 78
215
 90
 30
236
 67
191
 98
 73
118
167
233
 42
 54
 14
 67
147
227
190
226
184
112
 71
 96
145
219
 58
 77
244
112
116
 71
196
254
 11
230
 95
142
153
199
155
 45
179
119
 17
 53
 10
215
142
108
217
108
126
189
199
251
 75
106
157
 37
116
113
240
185
 23
 73
211
252
175
217
215
 10
 60
 42
117
 86
 73
178
 67
213
205
226
158
199
 70
 60
177
111
  6
149
 15
114
121
 29
116
 63
 25
145
 34
 35
224
187
188
 11
163
128
 71
  6
  8
187
171
 73
157
206
 95
229
 31
 37
175
 36
172
138
191
252
161
158
156
110
 28
254
241
102
224
150
 94
250
 66
179
249
212
 86
 78
 50
 51
132
112
243
214
 45
101
191
147
 55
247
240
219
 29
104
 18
221
 70
237
243
 44
160
 40
122
173
254
 80
 94
205
216
  7
213
134
178
177
179
 26
144
132
 64
 16
  8
137
210
 32
111
243
 63
119
 20
 51
241
 40
227
252
133
 17
 84
232
 17
135
239
 62
 90
113
165
113
137
118
162
128
237
 28
153
 73
175
109
  6
180
209
  0
177
124
243
221
 24
 31
111
113
  0
157
172
220
107
 88
  2
118
 30
209
184
  2
 37
183
 48
117
202
  5
185
 77
112
147
 89
 13
173
107
137
151
 36
184
150
200
227
 59
159
118
  1
255
 55
184
 39
 41
249
 28
183
 30
  7
153
 16
 74
161
172
190
207
237
204
 46
 98
 64
 65
 23
 97
236
123
 99
 53
 61
 83
 50
 97
168
 43
129
205
 77
118
 37
 84
140
124
240
 99
170
214
110
 32
159
102
 25
249
120
  8
203
244
185
246
 66
 39
207
115
  4
137
222
103
243
204
 60
240
130
225
 46
 90
173
227
215
 13
 11
 43
211
245
 44
203
106
229
212
106
 90
175
255
216
149
235
124
 61
 30
207
110
115
 51
250
 56
165
191
181
228
150
150
 81
117
134
  0
192
178
 80
 95
219
164
 50
158
230
 82
152
 72
235
118
146
231
121
117
199
115
177
166
 24
 20
177
 52
 11
 39
  7
174
216
158
162
152
 80
 44
201
 16
 14
116
166
114
212
154
209
211
 62
144
 18
170
 45
113
226
 36
 95
131
156
150
172
115
 87
 86
 91
238
244
 14
 54
 36
114
 94
111
 46
145
171
136
151
 19
231
239
 38
 60
 43
148
107
 81
 64
166
  9
106
221
166
229
 14
177
179
149
192
 86
 43
123
233
 49
 94
213
140
138
124
  8
 74
 71
 48
 26
 99
179
 46
153
164
 66
 89
162
190
234
 63
212
116
243
 26
101
 61
 59
 92
  3
124
 80
241
 32
 79
114
202
222
123
243
114
194
 10
220
 91
139
209
112
 93
205
181
 92
 27
 40
228
209
115
198
 82
226
238
 72
  1
 90
 74
 54
222
 90
  1
 29
201
243
213
 24
  9
213
 72
 32
 85
 36
173
121
 22
 77
205
102
 69
217
210
186
 18
 98
 38
 59
174
199
195
198
143
249
 75
 16
176
148
110
 18
119
110
 37
 68
  4
 24
  2
155
171
217
114
238
213
 51
248
238
119
 21
255
 85
 54
 48
 14
 34
 15
108
184
173
131
 74
176
240
 67
 39
 59
  1
103
156
254
143
199
244
191
248
 77
 41
134
109
131
 75
 99
248
220
162
196
154
154
151
 94
 23
 55
 68
113
160
 64
 64
 84
104
243
214
 31
215
119
 23
 52
111
151
146
 13
254
136
116
227
213
 13
 39
 49
164
191
 30
 17
 85
 96
 14
220
  0
182
149
204
 43
233
105
106
 58
141
202
159
 99
237
 19
149
244
 33
176
160
162
 95
249
157
214
215
 68
 87
 62
172
249
 17
114
 67
133
 21
124
 78
161
 77
 26
 54
228
157
230
229
193
111
160
197
 45
  6
141
253
140
226
161
 97
217
192
148
139
 83
211
 14
134
151
167
 60
 46
 91
 24
  8
 50
224
137
111
238
  5
201
222
125
233
  9
138
158
127
153
189
253
103
  6
218
115
 50
 78
141
234
 83
248
178
154
 88
 60
 97
  4
 96
 54
253
 54
147
241
222
 26
136
130
104
 53
222
 17
155
181
 43
171
 19
218
 60
 64
 23
 39
204
214
 86
 38
 97
 74
 56
 45
 65
 76
 20
148
244
108
 18
 20
 15
  5
226
 62
 83
 98
 20
 41
  0
149
213
107
 37
108
 76
213
219
229
147
 41
246
105
 90
 59
228
 16
 54
  2
 60
204
 59
180
 63
167
151
184
 90
173
216
220
 13
138
227
 73
190
152
162
  2
 59
209
196
  4
  6
 13
148
238
160
 55
108
 75
 17
213
184
126
 29
 67
 42
190
229
 17
146
234
123
 77
 79
179
115
120
 71
 24
164
 24
140
 54
176
 41
160
 33
181
151
209
113
226
140
168
144
 20
113
206
150
 35
 79
  5
 27
 54
126
152
145
 82
  5
197
212
184
193
157
 37
112
107
 73
 19
 54
102
  0
 26
177
100
 99
134
254
219
180
  0
239
 73
 63
204
243
180
239
136
178
248
244
242
 96
214
120
222
231
196
192
240
244
 70
227
 22
174
151
 26
101
162
210
118
156
 43
103
174
246
197
173
 78
154
194
132
 51
249
 67
160
152
194
165
253
 22
  9
200
  1
153
226
 13
191
 35
227
 96
 24
184
203
 20
 85
201
177
118
175
150
 12
190
210
182
123
196
139
251
 53
246
 79
139
156
211
 49
231
 68
136
178
138
 75
193
107
238
208
 38
240
185
 76
130
211
208
 73
100
 52
 96
173
 38
205
 73
193
215
 80
 84
253
 49
168
 67
 92
135
244
185
246
197
 63
 74
117
 17
219
192
139
142
168
169
241
130
253
198
 42
 38
110
135
 92
 79
182
165
 75
 13
135
 76
103
126
214
162
 19
198
104
 89
238
138
142
141
 58
213
 95
159
243
153
242
 51
221
198
118
241
 38
181
 94
248
 25
 74
121
 65
159
 77
230
187
212
243
217
  1
201
144
169
 35
 93
222
 37
203
 78
216
237
197
141
 79
 14
  8
 45
139
217
133
 39
254
 46
151
 24
 52
 49
134
251
255
246
 11
237
  9
139
108
 42
211
 15
207
170
206
217
249
 79
217
153
164
 36
253
178
219
224
 32
142
220
 90
206
139
155
 44
 47
102
241
191
 10
215
212
154
107
116
251
 83
179
 20
 30
226
 66
147
 31
243
112
131
170
190
229
106
125
107
 49
122
 61
199
 23
 86
167
  9
 69
185
  8
 21
 55
219
254
188
 62
183
 76
196
183
147
143
199
148
182
155
 71
247
 95
150
 79
 58
 58
186
 17
223
207
159
 22
 33
137
241
236
 84
210
 13
 27
 77
 28
 92
165
169
160
 52
201
204
 50
193
212
235
150
 78
 10
 90
 26
139
 73
 64
213
185
 97
 61
218
 42
166
195
 78
253
119
 96
 75
 72
116
119
  1
229
  9
194
 38
178
202
 92
 50
138
 36
231
188
 58
 45
 97
226
207
 14
160
240
228
140
150
 37
 89
 21
111
205
134
238
 82
133
216
123
 89
128
233
 41
118
 81
 30
 34
  6
151
 64
217
206
208
119
126
 52
 42
185
223
148
168
 58
 85
147
106
113
124
151
 48
 24
235
 26
 22
127
 33
222
117
226
164
 88
 55
140
151
148
 38
111
169
157
119
 62
 13
141
199
157
129
177
 89
166
 96
202
237
123
 76
166
228
 16
123
205
218
197
239
110
220
225
 23
135
221
187
141
118
129
 23
 92
100
198
 95
216
 74
249
247
 60
189
 78
101
146
 35
122
199
170
 23
202
186
138
237
241
160
116
244
150
249
 99
195
190
134
191
  7
104
223
183
148
247
182
 22
 87
 49
 74
161
117
 61
230
145
153
251
 49
208
169
116
 34
108
229
 74
131
250
 91
181
 22
174
105
  6
 86
195
186
142
224
216
146
 98
215
157
178
195
176
102
145
 13
151
186
 34
247
234
230
248
141
150
104
220
 67
  6
183
 53
 94
206
248
  7
 49
125
145
188
106
198
 95
152
246
103
250
  2
 38
  2
196
 99
116
 26
 54
233
199
  1
 34
 90
198
118
164
111
128
167
 84
 73
135
 44
 88
 78
132
228
 32
205
 34
 70
251
114
103
185
 68
101
 19
 41
154
248
 64
188
 46
171
108
231
 99
115
 39
208
 35
 56
107
 10
187
  0
218
 41
119
148
113
227
101
211
 15
145
238
233
197
 24
 85
171
190
 67
 35
145
 25
157
224
 57
 74
 21
213
  8
 90
 95
 26
  5
 71
141
167
229
 55
 36
152
 13
230
  9
138
231
190
 26
255
 79
153
177
252
 10
197
123
  2
211
 71
168
141
160
 96
 14
 39
200
219
 67
142
213
 48
125
 32
 42
188
116
 11
 18
 61
  9
 28
137
123
191
119
165
 20
190
 49
148
 52
117
 31
211
219
 54
222
121
141
147
236
117
222
228
 30
 58
 26
185
 83
 88
 37
136
 75
150
225
  1
150
 22
 78
171
 11
 36
 91
114
246
162
 78
 54
 85
184
110
 34
196
 37
 96
  7
112
240
204
227
 91
 60
128
142
169
223
111
237
  8
 22
233
 70
146
 59
184
 10
135
 44
244
202
 16
 74
194
 73
128
116
129
 16
137
 51
169
 64
 75
249
171
251
  3
230
229
102
106
 73
196
120
188
 43
 54
203
201
199
161
 80
 52
160
193
 44
105
175
168
228
251
176
 14
248
208
175
230
227
 55
 65
205
224
242
141
139
 18
140
 22
  3
249
 82
230
146
184
147
 31
128
 19
209
 44
 12
141
 83
132
146
183
 84
124
246
250
 45
212
181
 85
188
245
112
 83
179
157
162
127
116
249
140
110
163
237
243
203
236
205
 34
189
 11
185
 16
 33
157
135
122
201
100
 98
163
212
 39
126
203
235
211
 94
209
  0
 95
147
138
158
248
  2
110
239
127
210
 15
250
117
140
181
 70
 95
 21
244
176
 16
178
166
112
191
149
 18
252
 53
101
 78
215
195
216
172
 77
138
 73
 63
 28
230
178
 26
221
170
100
200
127
 31
  4
212
112
 27
146
230
211
 70
135
235
 27
230
175
161
221
171
 69
 10
190
182
108
133
129
142
179
205
195
124
125
221
245
252
 62
 10
 33
166
124
157
112
 30
 67
187
133
217
173
149
136
234
223
128
114
243
 94
 72
232
142
231
 79
111
189
222
 40
242
136
217
 72
 98
 30
 64
 81
117
 89
200
 51
181
185
140
110
 38
205
124
164
 69
112
 13
138
104
121
124
163
152
174
 89
215
255
206
201
206
226
 22
172
223
192
 23
102
 88
  2
215
180
 13
192
162
 42
149
 87
 13
 43
114
 79
184
225
242
 98
111
101
177
249
 89
 60
100
132
104
223
 99
 44
 26
235
 73
202
  0
 32
  9
 35
 65
189
124
238
159
159
234
119
 44
208
 19
  5
  7
201
163
250
 84
220
141
 31
151
 48
129
185
142
149
 20
 45
124
 25
167
210
 82
 86
132
119
 57
 15
199
225
246
 68
 91
216
133
 85
 87
 68
 47
254
107
106
181
220
189
135
 60
118
 50
 37
188
  1
 74
 25
181
125
143
 62
162
147
105
239
  9
158
187
 68
 85
109
170
 20
178
 86
 84
227
230
222
 82
  3
 44
124
107
130
154
 38
224
196
 61
132
215
132
170
149
115
 20
169
147
225
246
221
 68
 32
227
212
202
 64
 19
250
114
121
217
 27
169
197
197
 85
191
226
 31
199
 93
  7
184
245
219
 21
 93
146
 32
 66
242
 59
215
237
243
214
 47
175
207
203
171
  9
102
145
245
190
171
149
136
204
195
247
 86
152
 20
154
 25
115
190
 80
241
152
 15
169
 39
192
172
112
 75
 50
 31
224
 87
115
205
123
147
251
 80
 53
 71
179
206
112
137
 60
123
112
106
  1
103
181
105
148
153
 84
 24
 41
254
110
248
141
 45
218
248
 65
 76
 77
 54
106
197
 51
209
130
 48
 94
224
216
 15
130
195
120
232
 38
144
176
 20
191
 59
 44
117
162
 94
164
215
 16
  0
135
227
245
244
103
119
  4
118
150
171
200
233
 20
137
 68
132
250
 68
 11
120
  5
 20
215
 48
239
177
154
110
 53
 39
151
107
 27
118
159
188
 54
 46
 61
 79
108
147
140
179
165
167
141
245
 75
 16
131
130
207
117
 45
140
123
 63
 60
209
217
239
 13
124
251
 95
 33
  6
 54
200
104
216
175
  1
 14
148
224
132
 74
114
 88
 72
229
191
120
 69
237
102
 81
 65
108
241
 82
206
231
 77
221
169
141
122
 93
177
 33
249
 70
 29
137
166
141
 49
169
177
 85
 37
 45
120
 81
107
123
124
186
150
 62
108
129
194
237
120
 36
153
142
242
211
 33
213
 35
169
247
 24
143
115
183
 16
169
170
142
 17
 56
135
 96
  2
234
 60
183
 31
233
220
201
141
207
229
 10
216
106
 11
201
 97
 59
120
 94
195
 11
141
 18
 61
183
111
 72
134
220
113
 76
198
116
 94
189
100
177
249
 64
 74
185
163
250
 49
134
 17
  3
127
 97
100
 55
177
  1
243
 55
208
 25
218
151
116
212
210
100
154
220
121
170
 18
133
150
167
 43
215
171
158
 19
245
 19
 98
 19
 21
191
217
 34
110
215
120
 69
 29
 70
 14
187
211
 19
 56
130
110
202
 82
214
 47
191
 53
 25
153
 10
  1
 35
223
 81
 54
112
 13
136
207
206
200
133
 22
 60
197
 11
220
254
140
226
174
 73
137
 38
 46
254
205
193
101
180
  2
143
200
178
 16
 37
150
 54
164
142
217
 59
241
 27
  8
195
166
113
 92
181
 15
 65
124
202
 36
188
202
114
168
133
230
 32
252
 74
236
236
235
224
182
 16
124
158
203
166
180
185
201
 51
185
159
 98
 28
 14
 71
198
181
199
 56
151
 60
 86
161
203
 75
 77
 91
158
 58
 76
 23
122
146
 25
 53
138
 86
136
 21
221
  1
118
159
102
 64
238
100
155
146
 57
135
 10
 51
198
 23
219
167
144
162
252
106
  0
231
210
192
 59
122
214
 37
251
 54
233
 32
 96
168
111
 91
 12
113
190
237
226
 14
 78
 20
122
 28
125
239
  8
 15
173
 45
222
 55
226
253
 87
 64
143
218
110
159
244
 38
 58
121
124
101
 75
134
254
160
 67
 28
232
221
 75
112
158
201
223
250
235
113
  5
152
 21
229
 67
138
196
 91
 99
103
173
 45
 34
 17
 48
 98
131
232
235
176
215
155
 81
171
 76
126
 93
220
 58
 85
 81
155
176
123
 95
135
233
179
 15
226
 63
254
  7
133
 12
 31
119
188
141
207
247
171
 63
112
156
 64
 41
 65
 39
 20
 86
125
147
247
216
121
128
157
231
 31
 25
 91
233
139
 95
139
115
 61
141
 67
245
 87
 52
 66
  5
 17
152
241
 36
 49
253
125
194
  7
174
203
180
 58
 10
144
166
213
145
137
227
103
148
217
124
237
200
 72
 60
 74
 14
225
117
131
183
139
 85
 11
122
 25
 69
220
152
174
105
209
204
 35
207
162
 85
222
205
112
212
158
194
 66
 38
208
 44
228
192
 37
242
209
 76
161
 13
129
 73
 84
 27
 50
116
 35
 44
 50
119
 96
129
 49
214
192
105
 35
 42
 40
194
 86
 49
253
155
117
141
119
185
 54
234
 99
104
163
125
 30
183
243
192
 74
186
197
135
 55
 57
  6
249
 68
228
125
  4
174
176
190
 57
171
236
 33
 33
202
 20
124
 46
192
 23
 64
207
229
193
205
147
 31
 83
214
103
 58
242
 15
186
173
 22
136
148
137
 26
165
159
 47
  8
 45
204
204
 77
151
240
 64
113
183
199
 57
150
 35
143
 18
189
196
 47
220
 73
 38
108
 52
241
227
234
192
  0
142
136
200
 20
213
133
 46
 52
126
198
214
185
153
 75
 75
 59
102
 37
171
 70
  4
193
250
113
 12
123
238
 72
 90
113
121
106
 33
 72
162
 18
 74
  9
 99
 20
 72
 48
  7
 78
213
249
178
139
 17
 29
221
153
 70
 33
  4
164
159
217
 12
 24
  5
189
227
 25
223
 90
 16
164
230
177
115
211
 45
  7
226
120
 90
202
192
106
 99
185
 54
106
156
 13
193
210
232
 20
137
 83
254
 75
190
130
 82
 94
136
171
141
192
178
204
194
 24
192
230
 67
172
134
167
211
208
196
 87
 27
 44
133
158
121
102
198
 66
249
198
111
185
  7
102
104
199
 32
219
255
245
 55
 34
 97
 37
 59
133
163
114
 19
 10
121
252
196
 64
183
 31
 68
 25
228
158
209
 79
203
140
125
 53
247
 83
211
 37
171
126
245
 80
 95
251
160
105
181
 52
 18
198
154
142
 13
114
131
255
189
218
 26
158
187
175
212
141
 50
193
178
228
167
 18
179
 88
 39
 29
235
 29
 78
 79
 54
253
243
 90
 58
  6
 93
215
 81
142
190
170
 50
156
 53
110
 24
194
172
 81
140
  6
139
 25
 56
138
 86
190
 95
223
 17
 27
 65
204
  9
 24
 69
 82
246
 47
174
166
 12
 93
167
129
185
 28
183
 52
 30
230
113
170
 24
140
232
227
252
118
 69
137
196
 62
 74
171
 48
 52
116
217
203
234
 97
252
227
 91
 71
 39
238
249
 32
189
 96
155
210
131
 90
208
 77
235
 20
123
167
204
 49
175
237
174
179
222
102
255
218
102
 16
101
 48
230
207
 83
 48
 50
 62
 26
229
 10
237
 13
244
 84
194
 86
 67
103
232
234
172
 87
227
 52
 67
151
 86
111
189
142
153
 23
 96
 40
 65
247
 56
177
 18
 76
158
 36
 82
209
204
 29
231
158
148
130
183
 45
 63
 27
 17
237
197
111
168
211
250
 57
159
255
 65
123
 64
 61
 70
162
 18
 25
 44
  0
186
221
 23
129
229
110
169
156
 69
158
202
161
126
247
 40
 79
183
176
114
228
198
 97
 32
 34
  8
177
 96
121
196
 37
  0
 45
  9
 88
 85
216
111
238
 30
 79
119
178
 37
 62
 29
130
126
 16
227
174
237
111
225
 14
245
 17
 71
 24
240
 70
 19
112
 85
165
115
 90
236
 54
142
 11
 83
199
 43
153
212
 48
155
212
 76
161
126
133
 69
 88
214
 36
173
109
146
231
223
 95
 55
127
138
147
123
228
144
 84
135
 46
230
 96
201
149
167
  4
 41
151
 55
202
 94
200
 24
 66
 22
199
 41
205
230
 64
199
116
147
143
185
 31
151
 24
 11
137
224
165
 20
 29
222
193
179
 92
188
240
254
  2
173
141
 47
 54
 31
 14
 51
120
 56
168
 14
242
183
146
177
245
198
164
 31
 10
191
156
  5
186
119
216
 57
 46
105
 23
 22
255
217
214
 81
 93
236
183
247
160
 20
112
159
188
 79
 43
252
204
 62
 26
  0
181
226
155
182
205
 88
 75
 47
194
149
207
 11
118
 15
 56
 33
 60
 20
179
 11
172
135
148
208
150
 27
 39
226
108
  0
252
 91
229
147
 81
170
188
186
179
133
123
 14
166
164
 93
 25
 59
 64
154
199
104
 84
 66
 10
 73
  1
 22
227
 45
 42
 99
 13
 81
244
148
137
211
105
185
 40
170
 29
 85
 27
173
166
174
  6
203
218
214
 23
228
 76
219
 43
 44
 21
132
107
114
155
178
105
169
 91
 35
225
 77
118
122
192
 49
228
198
173
113
 43
 37
144
  3
160
202
117
213
142
 84
 91
133
122
151
236
215
217
151
133
 10
211
255
173
214
233
163
 70
236
131
146
207
 87
 78
189
100
218
233
 72
220
198
224
217
199
130
214
 61
 98
  4
129
172
147
  6
167
 85
170
156
 63
165
193
157
 22
 55
 92
 15
193
148
  2
159
167
165
132
 28
134
 34
209
 36
 30
 37
 32
200
238
  6
 40
237
 62
 87
 63
 24
164
215
 83
105
192
 45
 22
 57
107
207
231
217
 99
128
 85
162
 54
 66
 41
  8
143
 68
104
 32
174
227
182
225
 69
235
163
242
 56
159
 76
101
 98
138
 31
216
151
142
221
 45
 70
207
  6
117
 54
254
238
 80
 40
225
 68
137
129
240
247
 47
  1
 16
235
215
186
247
 45
 32
208
223
100
191
116
210
155
223
 86
254
 37
174
153
130
 14
 23
 61
199
 78
115
 21
 12
 56
 10
 84
229
106
131
195
167
198
202
 66
206
244
132
213
131
111
208
198
225
132
184
188
186
 27
167
179
 16
233
103
  6
196
 56
107
113
127
 70
144
 44
125
 89
232
  7
107
175
238
239
255
126
182
130
156
 71
240
 33
138
109
122
  3
  5
 64
241
131
191
127
186
 70
178
145
133
104
132
 17
 29
 47
227
  6
241
 23
243
155
 85
225
216
 47
 77
245
174
 97
 61
140
198
 31
214
 39
 15
143
  0
 46
187
  5
 38
223
236
230
147
210
 38
168
103
101
 33
149
219
 98
 36
210
238
208
202
 83
 87
 88
 51
111
246
 92
221
244
 83
211
 58
101
162
110
 84
 31
 60
144
171
 65
167
153
 41
 29
 66
106
 52
191
 17
202
 25
244
 51
 42
171
191
 86
 80
178
113
125
  8
112
240
173
133
 12
102
 39
187
155
255
 39
212
208
 93
 58
 41
207
220
121
171
 13
249
 40
184
 51
 65
 58
 21
169
 67
 88
 81
 97
 45
235
121
208
 74
124
 93
173
131
 34
 32
  0
253
  5
148
  5
174
 57
 73
 93
 30
 95
212
 77
138
250
170
 55
237
137
 33
117
240
240
221
  2
172
 54
 46
193
 82
130
183
244
 68
  4
220
123
 65
163
124
239
186
123
 25
 49
238
 62
 65
251
 52
230
 20
 43
 31
186
117
240
 42
101
  7
116
 63
201
221
206
 94
 49
114
  1
253
 15
 13
 10
139
138
 70
239
138
 53
157
148
246
249
152
 44
189
 11
160
 87
223
219
124
121
189
194
 41
152
218
209
214
251
 10
224
 46
 72
114
164
249
  2
107
242
 41
101
 14
175
202
 78
 28
246
 53
220
162
123
  3
 41
 87
109
189
183
166
 20
234
 10
135
115
170
247
250
156
205
 96
161
 44
215
162
  9
 74
  6
 92
  1
 50
 87
244
154
220
198
155
 91
 89
 73
 37
 88
 63
232
239
239
 42
 24
183
 99
228
 64
 47
204
218
124
210
253
253
170
107
174
 34
138
150
 76
  3
 24
244
197
136
 66
252
207
242
 55
179
144
 30
151
 11
207
196
240
140
 58
160
203
178
228
115
 49
109
180
213
255
 11
117
  0
151
 71
173
 96
 21
195
180
225
159
141
203
199
 45
235
248
167
 98
117
 15
156
 88
  2
210
137
176
 75
114
183
 88
  9
 50
140
123
205
 18
245
175
225
 95
145
 39
107
114
201
244
 50
 90
 89
210
210
231
239
115
 64
 32
155
197
206
100
255
 88
213
157
 51
 15
 92
218
  9
183
241
104
 66
213
 61
236
127
151
 88
184
 62
112
207
199
 59
200
  9
 90
130
204
 50
 80
 27
 58
 67
227
165
207
 33
136
 53
222
254
172
176
210
209
129
228
222
 56
183
254
 76
231
243
 81
229
 10
178
 32
 12
  8
  5
165
102
196
136
107
200
189
151
 26
184
118
124
 85
249
228
230
 88
 90
 88
 37
178
  0
151
175
142
 90
 75
116
 37
148
 50
  9
209
 98
 98
 64
254
152
207
 63
229
102
152
134
 75
  5
134
 64
167
155
 91
186
213
177
 59
255
190
 37
183
227
 64
 66
 95
  4
128
252
 43
 35
169
238
107
224
 70
115
 95
163
136
 70
149
220
 25
238
 48
 91
 85
255
242
209
 13
112
 37
190
171
202
  0
206
226
126
 63
228
126
 53
 34
102
 50
228
144
213
 99
 16
153
  7
208
 40
152
 37
  7
172
230
103
104
120
 12
170
 60
  7
 97
 33
233
 60
 84
 96
139
162
249
222
199
 93
154
202
  1
214
109
 53
118
166
 42
177
221
232
237
213
150
168
  1
135
159
142
103
 40
101
254
179
 91
121
111
224
189
246
 73
110
213
120
104
 38
106
135
131
237
222
 35
 17
222
243
 44
255
235
 94
 34
 75
126
125
225
122
 18
136
209
 52
 33
233
232
 82
143
 82
 46
192
244
232
236
139
249
 64
195
143
  5
 52
170
 49
145
 59
148
116
173
243
 91
 30
 90
114
 15
224
 38
194
131
249
228
126
104
 42
201
230
116
 71
 82
 84
 15
 37
 14
130
 38
216
230
182
 33
 40
194
114
 56
129
225
 46
 68
 95
196
233
 26
193
252
114
253
219
217
215
 45
146
 47
 93
 94
193
200
116
120
122
211
162
 50
212
 15
158
251
  4
 12
221
 48
169
248
  9
247
  7
150
100
223
191
197
  7
111
170
 44
229
 48
222
147
 48
229
250
246
 63
 35
244
 42
216
178
 26
 87
186
193
 40
113
191
  3
 47
 58
147
207
 35
194
198
 16
220
210
 57
 31
240
142
207
207
219
 60
186
160
 30
 62
 38
159
204
161
202
156
170
153
  9
190
124
184
 45
168
140
155
 14
223
219
101
 86
 56
191
  6
207
249
200
240
  3
 61
 45
119
166
151
101
168
145
 18
122
 83
 16
 85
 28
 75
160
191
235
196
 25
236
197
 54
102
136
150
 67
140
  6
156
175
223
 88
137
122
 20
108
157
 86
215
  8
 13
 36
197
233
 38
 63
 71
 68
223
247
113
204
 62
 62
153
123
221
 40
255
128
 24
 48
129
 93
 12
 59
 97
212
214
204
109
173
107
153
230
123
 36
143
191
125
142
 95
121
158
 57
244
163
194
102
168
139
157
168
214
159
164
159
207
192
232
 57
 54
 79
115
 23
183
113
 52
182
 97
 41
225
207
215
169
  9
 73
194
187
 61
124
208
220
211
 42
116
175
 17
105
138
166
233
114
208
198
249
  5
128
209
236
232
 93
185
  5
245
253
 35
154
 70
 14
216
218
127
 65
122
244
 50
210
121
247
204
202
126
254
 64
 78
117
103
197
196
242
 21
229
208
  4
254
 62
 47
133
176
 49
116
 59
  9
175
 22
 13
144
182
202
219
 22
 89
131
208
 44
  8
 28
243
192
136
193
 32
176
  4
108
 14
 23
231
167
 46
  5
 21
 66
 85
158
182
 70
 67
 75
143
215
216
118
 23
226
196
138
  6
153
127
153
228
 51
 99
 37
 29
 69
221
179
 73
203
 96
122
220
197
 17
165
147
 32
  6
 78
 74
189
 62
254
122
228
  6
238
131
192
 54
208
122
227
 78
135
 15
117
 53
113
196
191
 99
168
215
244
 80
103
107
 89
 20
146
 87
212
 61
130
245
 43
231
 73
 12
115
 10
 52
186
 46
119
127
154
136
201
195
122
 54
 51
131
224
224
165
  2
 11
 40
166
167
212
 87
145
 26
216
100
 32
 79
216
248
  0
243
  4
 40
196
 29
 74
 47
 25
 81
155
140
133
159
  4
245
 72
214
196
 24
233
246
 94
219
251
 44
 34
210
160
 76
105
118
203
213
105
 41
200
 10
137
188
100
250
227
 89
107
106
 83
106
157
 37
 79
143
 93
113
217
179
205
167
 69
112
127
 56
135
 37
171
 85
 20
190
 74
 19
 92
  1
 68
 48
 27
165
164
178
171
245
 19
120
 41
 70
  1
139
 13
102
 58
208
 84
 50
 11
102
 40
 45
  6
 23
143
117
  9
220
 58
141
253
237
118
102
 29
155
221
 57
172
 64
220
187
178
126
196
217
  1
 19
 38
197
178
 11
 48
220
251
  7
153
111
 25
142
212
216
 99
174
 76
195
 36
125
 93
118
136
  7
140
 19
213
150
240
194
193
 94
147
233
 90
185
168
211
174
131
 64
183
192
169
208
 57
212
  2
253
176
236
241
 13
145
135
 54
232
187
115
242
 59
226
 73
 36
156
240
188
114
241
 95
127
255
175
156
 56
 90
 60
228
238
205
 80
 78
125
  8
 58
 81
197
 79
215
185
122
183
102
216
 50
189
142
 47
176
228
 82
222
140
 11
 92
 84
 61
105
149
 95
179
  8
 44
 13
 43
149
137
 24
167
 19
 56
212
175
178
 19
127
 31
207
216
170
129
 92
109
127
244
100
 45
 13
150
106
134
 86
 24
 32
 78
130
 79
138
 90
236
 79
 36
 32
 16
 73
205
216
177
190
 53
158
 31
110
106
120
220
 60
245
243
 76
207
236
183
106
174
 62
 81
218
184
215
 14
239
121
 84
162
250
235
 52
167
245
133
108
168
106
 70
 52
229
 44
192
 50
  1
129
190
 95
 32
205
233
 48
140
 67
 97
231
 86
 16
 53
240
  3
220
 75
 51
255
221
 91
 28
140
 79
243
215
218
170
 11
 72
209
151
239
130
158
240
240
211
125
 97
218
 55
109
119
121
169
105
238
 22
 49
 61
 36
132
211
182
156
198
130
 44
113
 20
212
101
148
 72
 73
174
 44
  7
 82
 40
138
163
244
 59
 79
106
117
188
227
 85
  1
  2
203
 93
245
 88
245
160
163
 96
115
 32
 68
237
211
168
215
 10
248
102
166
 56
152
231
212
 28
156
115
168
178
130
 79
 11
 45
 10
 66
 19
  6
 26
252
190
111
179
202
210
134
 62
 92
150
 87
151
130
 26
 98
 75
 75
145
 10
139
247
175
252
100
 52
241
 43
 69
 46
127
 69
147
123
179
 68
 50
200
145
194
 62
 15
219
217
183
230
225
114
 56
134
 16
 76
168
159
203
 94
213
234
 29
125
 81
204
 70
 62
177
201
 21
 82
 70
143
220
 39
 63
113
185
 34
232
246
  9
 52
 67
150
198
235
 73
236
227
119
228
163
197
 53
207
202
166
166
 11
209
187
155
193
 88
228
116
104
192
 97
 38
226
244
 50
 22
164
 19
138
170
 30
  7
106
 37
 17
168
 50
 38
177
200
153
184
149
215
  5
 96
120
161
 13
 24
 56
195
  9
 78
 70
  3
164
  0
 94
239
173
158
 71
 49
194
126
241
197
112
 95
158
 72
240
 66
179
153
229
107
228
 95
206
 18
112
174
134
243
132
 92
204
 81
 26
 70
143
143
 15
152
139
212
204
 93
122
 82
 14
 50
 94
139
215
 91
221
 90
215
199
192
 80
208
215
202
 15
167
141
195
180
157
127
 52
 19
 68
219
196
241
 73
 75
 16
147
 93
 14
 78
  3
 12
192
153
 82
 78
155
 30
246
166
112
  1
197
231
117
 66
194
 33
 98
 80
158
 50
134
228
220
204
 89
 19
237
 10
185
 85
197
236
151
139
 97
207
 13
 88
 36
237
190
236
 63
225
241
 60
 59
 84
161
217
126
  3
 47
 79
180
 19
 51
246
162
203
170
 87
156
 49
 45
141
 55
216
174
233
120
156
151
185
172
 95
217
 88
147
 74
  7
 45
114
169
168
 96
  7
197
159
178
182
170
 91
 21
139
128
  0
236
233
 47
  6
189
 51
159
232
162
149
130
 12
191
234
209
106
189
223
149
133
 74
196
129
 99
173
 41
192
 55
174
 44
173
137
153
138
140
169
208
172
229
202
 59
  5
148
200
 22
135
231
234
173
204
 66
161
116
243
 45
 71
116
150
 98
 40
149
107
 47
228
230
 38
134
228
 22
136
 48
197
223
 41
172
 85
167
141
255
124
114
 50
 77
109
255
198
240
 13
107
183
 15
 45
 32
 99
 74
251
101
135
 23
189
238
 90
 19
141
126
228
144
 45
 95
247
149
220
132
246
190
  3
 76
  9
100
226
122
132
180
150
144
 45
171
 82
126
 71
209
148
 96
125
121
109
196
117
 93
 77
 11
126
 36
 20
 59
 31
131
146
178
116
 79
196
100
248
100
107
 28
169
130
139
 69
 70
211
207
127
148
148
221
160
192
 70
 32
165
198
 99
249
 36
195
 31
114
156
157
 50
 28
234
149
  3
  8
 32
183
151
 44
194
 49
111
 84
132
  4
190
140
220
  0
 89
161
 50
 77
250
186
 64
 61
 68
203
109
 36
244
 93
 47
191
148
146
 58
175
 98
 10
209
128
 93
 71
150
 11
222
167
 42
104
143
 49
 20
219
148
171
 27
116
247
127
 49
203
118
119
245
 78
 54
 22
231
 29
180
 88
245
 25
147
 68
 52
 18
136
141
242
 63
222
101
251
169
154
125
 91
100
 42
  1
  7
124
186
 23
187
101
132
 21
 77
173
167
 65
 22
255
164
157
228
164
 14
194
 14
244
131
108
164
130
 58
132
 69
 75
146
164
182
 23
164
236
 20
174
 57
160
162
 96
143
 24
189
 17
 12
156
 59
110
 26
121
241
 20
186
226
 94
 99
155
132
182
 35
201
250
118
 42
182
184
219
126
250
104
161
248
190
188
166
 81
 95
 46
109
 98
228
204
213
175
150
 20
161
116
103
219
 26
200
112
217
 74
 49
102
167
197
 79
101
 98
 45
 40
143
194
191
 88
 98
 76
184
104
 24
 93
148
217
  4
 26
170
 89
 68
192
146
226
 58
 93
 43
 32
123
233
 78
 88
 57
 22
160
146
 98
225
117
 20
156
114
120
 34
189
 14
207
167
 45
216
211
 48
214
 76
217
230
 14
 51
 65
 79
210
133
226
193
 49
182
 39
254
 52
 44
 18
 82
  9
196
 40
  8
193
254
 83
 23
 43
159
171
 41
  2
165
179
198
 17
132
 94
237
 45
 91
 37
166
 15
 14
171
187
170
174
168
 19
 26
196
 11
185
150
 95
108
167
213
 63
187
133
137
 26
201
215
 93
 55
215
156
220
177
 56
207
 55
 48
 90
180
248
143
215
 96
174
 25
 90
 32
211
191
 74
139
220
 13
251
  6
 68
154
230
117
  8
114
152
 89
118
144
214
225
230
226
 95
 25
207
107
222
  1
224
117
 90
 13
 10
 91
113
 60
198
  4
 44
 34
 33
222
134
106
 98
208
245
226
212
157
135
 66
194
237
233
160
199
234
169
248
138
191
135
 69
 15
 96
172
 15
198
119
176
 39
109
182
176
236
191
 79
173
131
116
184
 33
125
189
 89
 44
165
  0
162
 64
185
 73
121
210
230
240
176
174
 19
254
 93
109
  6
206
169
236
186
 42
 82
 87
103
 63
 25
190
180
119
104
 13
186
147
164
182
  9
205
229
 77
 87
189
218
 89
 68
187
232
187
201
225
188
 55
184
 24
197
251
249
 18
  0
 92
229
 63
168
125
130
 54
102
159
254
 64
 27
 48
110
 28
134
 90
252
185
 44
 47
131
 69
176
 63
 69
 54
 96
177
195
  6
189
223
 26
232
 10
182
 20
197
206
116
 47
251
 12
 24
 55
138
 73
165
130
191
 58
234
250
148
139
237
109
 36
183
 75
 80
 41
 70
186
198
 31
253
 59
133
178
164
202
 97
  1
241
 75
198
185
147
 89
196
118
215
 61
186
 18
 28
232
135
204
154
 36
 82
216
 20
165
231
223
 73
212
 17
145
140
118
162
142
 53
160
198
 30
199
155
215
 75
240
249
 99
 13
106
 69
153
 49
 58
193
 47
224
 25
113
111
212
191
 60
159
100
 40
144
106
 47
 85
177
212
203
225
157
 57
 82
140
 42
246
139
224
219
 75
  6
110
 30
 30
 88
  4
105
107
139
242
187
183
103
 68
163
198
  9
126
 20
114
218
 48
224
202
210
 24
136
 48
 28
135
244
148
255
248
  4
 94
155
206
 66
242
112
100
128
 61
 80
140
127
188
 78
162
189
198
215
 99
125
227
222
104
108
213
186
  4
  0
103
127
 31
188
157
227
203
137
229
 33
 99
134
 57
166
228
174
 50
100
 53
  2
 73
153
213
 25
234
254
211
249
168
125
199
239
117
 55
235
158
169
177
221
 56
 78
 45
107
178
214
252
195
 76
 65
111
116
180
185
166
240
 55
127
160
 68
 81
154
 89
214
 66
225
 47
226
 11
 83
  7
 91
188
201
 61
218
104
194
223
208
 19
126
105
222
 83
168
148
 86
238
 30
 86
141
128
210
 84
 16
 28
234
 46
 50
241
241
243
209
232
 47
112
235
192
 22
147
 18
  8
150
118
124
128
 56
127
 91
234
 95
134
246
 40
246
230
253
  2
  9
 74
103
108
179
252
 21
124
111
 14
230
126
202
150
141
 15
  1
230
158
124
 19
250
 55
138
 39
171
 17
  4
213
230
134
203
103
 49
 78
232
224
126
253
  8
 48
100
 13
201
232
237
122
226
123
185
102
150
 50
 32
166
158
 60
147
228
116
223
236
196
 52
100
247
217
248
116
125
 21
 89
223
 49
157
240
164
217
164
 47
244
 44
 60
105
 15
 39
247
 33
245
235
213
145
142
246
 11
193
175
174
137
244
 31
  3
 72
244
 94
126
 19
232
133
237
178
249
153
 44
 64
 68
 93
254
 11
 31
190
 10
204
139
 16
254
169
146
 40
184
152
 13
232
156
142
142
143
182
136
196
 27
110
181
117
234
177
195
120
  0
203
255
 39
128
103
225
 37
 89
  5
 80
110
146
175
121
161
254
 75
125
  7
 91
 51
218
175
134
111
  0
 18
142
 36
 49
 70
246
239
189
149
215
111
 17
237
242
104
122
134
116
252
 73
  1
 82
155
176
246
121
 18
100
 28
191
227
152
 54
173
110
192
127
237
 15
248
235
255
 86
211
 87
192
 38
223
123
231
128
234
 59
180
109
177
 98
 92
129
131
244
125
107
207
198
182
119
229
212
131
247
145
234
249
202
  3
139
 36
 80
126
181
141
108
 58
  9
 76
 54
 23
193
102
104
 78
212
225
 88
 47
 99
112
136
204
 63
126
 67
 77
  5
175
 18
201
 48
 86
230
153
240
224
235
206
 56
127
218
199
189
227
 66
114
242
 43
 49
166
146
149
 23
104
 73
 79
104
242
197
249
 73
 42
232
106
112
199
146
  6
 54
 79
183
 22
128
190
 65
250
 49
153
100
177
205
150
 27
200
 45
 84
158
127
172
191
 40
159
223
245
 47
110
246
 36
 38
 79
241
 85
 35
 24
250
193
221
 26
132
158
144
 87
  0
228
148
203
137
 41
 28
232
117
 16
170
  4
151
  1
101
218
119
165
 38
179
176
113
 77
120
186
 80
 69
 59
146
 68
 34
132
158
123
 71
151
112
 62
242
 78
 66
 53
191
116
 39
162
233
  9
 95
197
191
197
136
125
 70
199
 52
 33
106
 39
195
 51
250
  8
196
 78
 87
164
200
254
134
220
167
 35
162
172
163
156
217
 70
 81
169
 41
 98
233
 21
215
236
224
233
 87
115
 79
216
170
113
185
 97
 90
158
 98
251
184
